#/inh/user/user.c
SaveDatabase (["ndmkhtk":0,"famrec":1,"ketacc":1,"tipsstatus":770,"login_count":0,"ndmkk":0,"tipstatus":({2,1572864,}),])
SaveDbase2 (["hotkey":(["20":"74","8":"98","17":"71","9":"61","7":"99","18":"72","10":"51","19":"73","16":"70",]),"online_rank":(["level":0,"time":3118,"start":1507646310,]),])
Gender 1
StartPlace "1:(136,142)8"
Gift1 (/30,25,25,25,25,/)
Gift2 (/0,0,0,0,0,/)
Hair 5
PersonPhoto 2
HP (/96,96,/)
MP (/25,25,/)
AP 25
DP 37
CP 5
PP 37
SP 32
MaxYuan 1
Yuan 1
Potential 100
Cash 1000
max_pawn 1
ChatOpen 1
RumorOpen 1
CityOpen 1
OrgOpen 1
FamilyOpen 1
SayOpen 1
TeamOpen 1
TradeOpen 1
IdProtect ""
Legend ({2,0,0,0,0,0,0,0,0,0,0,0,0,0,0,0,0,0,0,0,0,0,0,0,0,0,0,0,0,0,0,0,0,0,0,0,0,0,0,0,0,0,0,0,0,0,0,0,0,0,})
Legend2 ({0,0,0,0,0,0,0,0,0,0,0,0,0,0,0,0,0,0,0,0,0,0,0,0,0,0,0,0,0,0,0,0,0,0,0,0,0,0,0,0,0,0,0,0,0,0,0,0,0,0,})
Legend3 ({0,0,0,0,0,0,0,0,0,0,0,0,0,0,0,0,0,0,0,0,0,0,0,0,0,0,0,0,0,0,0,0,0,0,0,0,0,0,0,0,0,0,0,0,0,0,0,0,0,0,})
mpTask ([])
mpQuest ([])
mpFly ([])
mpMascot ([])
mpChBlk ([])
mpLOG ([])
Strength 8
Jobs ([])
mpPerform ([])
Family (/0,0,0,0,0,0,0,/)
Org (/0,0,0,0,0,0,0,/)
City (/0,0,0,0,0,0,0,/)
Skills ([])
Skills_0 ([])
Skills_1 ([])
Skills_2 ([])
Inventory ({"/item/01/7500;0;103;4099;4099;ap:13,dp:-3,ADD:,=:0,+:0,$:50,B:0,;[-]0,0","/item/09/0908;0;108;1099;1099;ADD:,=:1,+:0,$:0,B:0,;[-]0,0","/item/08/0006;1;1;[-]0,0","/item/tuiquatanthuhieu/tuiquatanthu;0;2;[-]0,0",})
Friends ([])
Birthday 1507631898
GameTime 3124
FeeStart 1507634896
FeeTime 244
LoginTime 1507646190
QuitTime 1507646316
QuitIP "113.172.8.214"
Effect ({0,0,0,0,0,0,0,0,0,0,0,0,0,0,0,0,0,0,0,0,0,0,0,0,0,0,0,0,0,0,0,0,0,0,0,0,0,0,0,0,0,0,0,0,0,0,0,0,0,0,0,0,0,0,0,0,0,0,0,0,0,0,0,0,0,0,0,0,0,0,0,0,0,0,0,0,0,0,0,0,0,0,0,0,0,0,0,0,0,0,0,0,0,0,0,0,0,0,0,0,0,0,0,0,0,0,0,0,0,0,0,0,0,0,0,0,0,0,0,0,0,0,0,0,0,0,0,0,0,0,0,0,0,0,0,0,0,0,0,0,0,0,0,0,0,0,0,0,0,0,0,0,0,0,0,0,0,0,0,0,0,0,0,0,0,0,0,0,0,0,0,0,0,0,0,0,0,0,0,0,0,0,0,0,0,0,0,0,0,0,0,0,0,0,0,0,0,0,0,0,0,0,0,0,0,0,0,0,0,0,0,0,0,0,0,0,0,0,0,0,0,0,0,0,0,0,0,0,0,0,0,0,0,0,0,0,0,0,0,0,0,0,0,0,0,0,0,0,0,0,0,0,0,0,0,0,0,0,0,0,0,0,0,0,0,0,0,0,0,0,0,0,0,0,0,0,0,0,0,0,0,0,0,0,0,0,0,0,0,0,0,0,0,0,0,0,0,0,0,0,0,0,0,0,0,0,0,0,0,0,0,0,0,0,0,0,0,0,0,0,0,0,0,0,0,0,0,0,0,0,0,0,0,0,0,0,0,0,0,0,0,0,0,0,0,0,0,0,0,0,0,0,0,0,0,0,0,0,0,0,0,0,0,0,0,0,0,0,0,0,0,0,0,0,0,0,0,0,0,0,0,0,0,0,})
IdNumber 11
Id "vttx2"
Name "-Fun-"
Titles ({"X",})
cTitle ""
Apprentices ({})
