#/inh/user/user.c
SaveDatabase (["nguhanh":1,"tipstatus":({37408302,10407904,}),"famrec":1,"tipsstatus":30518,"ketacc":2,"ndmkk":0,"tips_status":41,"ndmkhtk":0,"new_sj":5,"dbtime_s":289,"can_get_prize":0,"login_count":0,])
SaveDbase2 (["question":(["order":({19,37,57,8,29,12,62,67,14,25,}),"totalfail":3,"day":289,"number":10,]),"double_time":(["week":2493,"freeze":0,"time3":0,"time1":0,"time":0,"time2":0,]),"task":(["story":1,]),"online_rank":(["time":3929,"level":0,"start":1508302179,]),"familyuse":1508259929,"hotkey":(["19":"73","20":"74","17":"71","7":"99","10":"51","1":"2110","8":"98","16":"70","18":"72","9":"61",]),"nhanba":(["week":2493,"freeze":0,"time3":0,"time1":0,"time":0,"time2":0,]),])
Gender 1
StartPlace "1:(255,107)2"
Gift1 (/30,25,25,25,25,/)
Gift2 (/40,0,0,0,0,/)
Hair 3
PersonPhoto 2
HP (/647,1034,/)
MP (/34,34,/)
AP 71
DP 139
CP 5
PP 72
SP 55
MaxYuan 12
Yuan 12
DamageCount 71
UpgradeExp 2449
Experience 35959
Potential 749
GiftPoint 8
MaxLevel 12
Level 12
Cash 10376
max_pawn 1
ChatOpen 1
RumorOpen 1
CityOpen 1
OrgOpen 1
FamilyOpen 1
SayOpen 1
TeamOpen 1
TradeOpen 1
IdProtect ""
Legend ({6,0,0,0,0,0,0,0,0,0,0,0,0,0,0,0,0,0,0,0,0,0,0,0,0,0,0,0,0,0,0,0,0,0,0,0,0,0,0,0,0,0,0,0,0,0,0,0,510,0,})
Legend2 ({0,0,0,0,0,0,0,0,0,0,0,0,0,0,0,0,0,0,0,0,0,0,0,0,0,0,0,0,0,0,0,0,0,0,0,0,0,0,0,0,0,0,0,0,0,0,0,0,0,0,})
Legend3 ({0,0,0,0,0,0,0,0,0,0,0,0,0,0,0,0,0,0,0,0,0,0,0,0,0,0,0,0,0,0,0,0,0,0,0,0,0,0,0,0,0,0,0,0,0,0,0,0,0,0,})
mpTask ([])
mpQuest ([])
mpFly ([])
mpMascot ([])
mpChBlk ([])
mpLOG (["$buy$H":0,"*npc":129,"&npc":31029,"$sell$L":2723,"#npc":129,"$sell$H":0,"$buy$L":1000,])
Strength 9
Jobs ([])
mpPerform (["02110":1508259921,])
Family (/"Đào Hoa Nguyên",0,4,0,"Vô Ức",0,1508257360,/)
Org (/0,0,0,0,0,0,0,/)
City (/0,0,0,0,0,0,0,/)
FamilyType 1
Skills (["0316":(/1,0,/),"0212":(/1,0,/),"0319":(/1,0,/),"0317":(/1,0,/),"0211":(/1,0,/),])
Skills_0 ([])
Skills_1 ([])
Skills_2 ([])
Inventory ({"/item/70/0010;0;103;8867;9099;ap:45,dp:4,ADD:,=:0,+:0,$:900,B:0,;[-]0,0","/item/60/0002;0;104;2709;2799;hp:5,mp:5,dp:10,pp:10,ADD:,=:0,+:0,$:850,B:0,;[pokemon1071997#2]0,0","/item/09/0901;0;108;1099;1099;hp%:4,ADD:,=:1,+:1,$:0,B:0,;[-]0,0","/item/98/9879;0;18;[-]0,0","/item/stuff/0044;2;11;[pokemon1071997#2]0,0","/item/40/4014;7;10;[pokemon1071997#2]0,0","/item/01/7600;0;7;[-]0,0","/item/tuiquatanthuhieu/hk20;0;8;[-]0,0","/item/tuiquatanthuhieu/HoaPhuK;20;9;[-]0,0","/item/tuiquatanthuhieu/0010;20;6;[-]0,0","/item/tuiquatanthuhieu/0008;20;2;[-]0,0","/item/49/4900;9;4;[-]0,0","/item/98/9814;0;3;[-]0,0","/item/32/3282;5;5;[-]0,0","/item/08/0006;1;1;[-]0,0","/item/40/4013;13;12;[pokemon1071997#2]0,0","/item/41/4111;1;13;[pokemon1071997#2]0,0","/item/product/64026;0;14;[-]0,0","/item/77/1010;0;15;4599;4599;ap:20,cp:40,ADD:,=:0,+:0,$:1500,B:0,;[pokemon1071997#2]0,0","/item/91/9100;1;16;[pokemon1071997#2]0,0","/item/product/64029;0;17;[-]0,0",})
Friends ([])
Birthday 1508254912
GameTime 4240
DoubleTime 1858
FeeStart 1508259952
FeeTime 640
LoginTime 1508301878
QuitTime 1508302184
QuitIP "42.113.193.174"
Effect ({0,0,0,0,0,0,0,0,0,0,0,0,0,0,0,0,0,0,0,0,0,0,0,0,0,0,0,0,0,0,0,0,0,0,0,0,0,0,0,0,0,0,0,0,0,0,0,0,0,0,0,0,0,0,0,0,0,0,0,0,0,0,0,0,0,0,0,0,0,0,0,0,0,0,0,0,0,0,0,0,0,0,0,0,0,0,0,0,0,0,0,0,0,0,0,0,0,0,0,0,0,0,0,0,0,0,0,0,0,0,0,0,0,0,0,0,0,0,0,0,0,0,0,0,0,0,0,0,0,0,0,0,0,0,0,0,0,0,0,0,0,0,0,0,0,0,0,0,0,0,0,0,0,0,0,0,0,0,0,0,0,0,0,0,0,0,0,0,0,0,0,0,0,0,0,0,0,0,0,0,0,0,0,0,0,0,0,0,0,0,0,0,0,0,0,0,0,0,0,0,0,0,0,0,0,0,0,0,0,0,0,0,0,0,0,0,0,0,0,0,0,0,0,0,0,0,0,0,0,0,0,0,0,0,0,0,0,0,0,0,0,0,0,0,0,0,0,0,0,0,0,0,0,0,0,0,0,0,0,0,0,0,0,0,0,0,0,0,0,0,0,10,10,0,0,0,0,0,0,0,0,0,0,0,0,0,0,0,0,0,0,0,0,0,0,0,0,0,0,0,0,0,0,0,0,0,0,0,0,0,0,0,0,0,0,0,0,0,0,0,0,0,0,0,0,0,0,0,0,0,0,0,0,0,0,0,0,0,0,0,0,0,0,0,0,0,0,0,0,0,0,0,0,0,0,0,0,0,0,0,0,0,0,0,0,0,0,0,0,0,0,0,0,0,0,0,0,0,0,0,0,0,0,0,})
BeastInfo ({"54_1508255646",})
IdNumber 54
Id "pokemon1071997#2"
Name "IOS.Pass"
Titles ({"X",})
cTitle ""
Apprentices ({})
